0.100000 0.100000 2.585486
0.100000 0.200000 2.405710
0.100000 0.300000 2.301864
0.100000 0.400000 2.232907
0.100000 0.500000 2.184841
0.100000 0.600000 2.151057
0.100000 0.700000 2.127855
0.100000 0.800000 2.112918
0.100000 0.900000 2.104676
0.100000 1.000000 2.101986
0.100000 1.100000 2.103960
0.100000 1.200000 2.109868
0.100000 1.300000 2.119083
0.100000 1.400000 2.131060
0.100000 1.500000 2.145317
0.100000 1.600000 2.161437
0.100000 1.700000 2.179059
0.100000 1.800000 2.197879
0.100000 1.900000 2.217640
0.100000 2.000000 2.238131
0.100000 2.100000 2.259177
0.100000 2.200000 2.280637
0.100000 2.300000 2.302394
0.100000 2.400000 2.324356
0.100000 2.500000 2.346446
0.100000 2.600000 2.368603
0.100000 2.700000 2.390779
0.100000 2.800000 2.412933
0.100000 2.900000 2.435033
0.100000 3.000000 2.457055
0.100000 3.100000 2.478977
0.100000 3.200000 2.500784
0.100000 3.300000 2.522463
0.100000 3.400000 2.544004
0.100000 3.500000 2.565400
0.100000 3.600000 2.586643
0.100000 3.700000 2.607732
0.100000 3.800000 2.628661
0.100000 3.900000 2.649430
0.100000 4.000000 2.670037
0.100000 4.100000 2.690482
0.100000 4.200000 2.710765
0.100000 4.300000 2.730887
0.100000 4.400000 2.750849
0.100000 4.500000 2.770652
0.100000 4.600000 2.790297
0.100000 4.700000 2.809787
0.100000 4.800000 2.829123
0.100000 4.900000 2.848307
0.100000 5.000000 2.867342
0.200000 0.100000 2.065625
0.200000 0.200000 1.915539
0.200000 0.300000 1.824243
0.200000 0.400000 1.761700
0.200000 0.500000 1.717182
0.200000 0.600000 1.685447
0.200000 0.700000 1.663464
0.200000 0.800000 1.649277
0.200000 0.900000 1.641514
0.200000 1.000000 1.639146
0.200000 1.100000 1.641348
0.200000 1.200000 1.647430
0.200000 1.300000 1.656786
0.200000 1.400000 1.668883
0.200000 1.500000 1.683247
0.200000 1.600000 1.699464
0.200000 1.700000 1.717176
0.200000 1.800000 1.736081
0.200000 1.900000 1.755921
0.200000 2.000000 1.776487
0.200000 2.100000 1.797604
0.200000 2.200000 1.819131
0.200000 2.300000 1.840952
0.200000 2.400000 1.862974
0.200000 2.500000 1.885121
0.200000 2.600000 1.907332
0.200000 2.700000 1.929558
0.200000 2.800000 1.951761
0.200000 2.900000 1.973907
0.200000 3.000000 1.995972
0.200000 3.100000 2.017935
0.200000 3.200000 2.039781
0.200000 3.300000 2.061496
0.200000 3.400000 2.083072
0.200000 3.500000 2.104500
0.200000 3.600000 2.125775
0.200000 3.700000 2.146893
0.200000 3.800000 2.167850
0.200000 3.900000 2.188646
0.200000 4.000000 2.209278
0.200000 4.100000 2.229748
0.200000 4.200000 2.250054
0.200000 4.300000 2.270198
0.200000 4.400000 2.290180
0.200000 4.500000 2.310003
0.200000 4.600000 2.329667
0.200000 4.700000 2.349175
0.200000 4.800000 2.368528
0.200000 4.900000 2.387729
0.200000 5.000000 2.406780
0.300000 0.100000 1.837449
0.300000 0.200000 1.699914
0.300000 0.300000 1.613404
0.300000 0.400000 1.552754
0.300000 0.500000 1.508793
0.300000 0.600000 1.476964
0.300000 0.700000 1.454588
0.300000 0.800000 1.439895
0.300000 0.900000 1.431613
0.300000 1.000000 1.428762
0.300000 1.100000 1.430539
0.300000 1.200000 1.436257
0.300000 1.300000 1.445309
0.300000 1.400000 1.457156
0.300000 1.500000 1.471315
0.300000 1.600000 1.487367
0.300000 1.700000 1.504946
0.300000 1.800000 1.523743
0.300000 1.900000 1.543499
0.300000 2.000000 1.563997
0.300000 2.100000 1.585061
0.300000 2.200000 1.606546
0.300000 2.300000 1.628335
0.300000 2.400000 1.650333
0.300000 2.500000 1.672461
0.300000 2.600000 1.694660
0.300000 2.700000 1.716877
0.300000 2.800000 1.739073
0.300000 2.900000 1.761217
0.300000 3.000000 1.783281
0.300000 3.100000 1.805245
0.300000 3.200000 1.827093
0.300000 3.300000 1.848812
0.300000 3.400000 1.870391
0.300000 3.500000 1.891824
0.300000 3.600000 1.913105
0.300000 3.700000 1.934228
0.300000 3.800000 1.955192
0.300000 3.900000 1.975994
0.300000 4.000000 1.996633
0.300000 4.100000 2.017109
0.300000 4.200000 2.037422
0.300000 4.300000 2.057572
0.300000 4.400000 2.077561
0.300000 4.500000 2.097390
0.300000 4.600000 2.117061
0.300000 4.700000 2.136575
0.300000 4.800000 2.155935
0.300000 4.900000 2.175142
0.300000 5.000000 2.194199
0.400000 0.100000 1.710851
0.400000 0.200000 1.579729
0.400000 0.300000 1.495112
0.400000 0.400000 1.434610
0.400000 0.500000 1.389986
0.400000 0.600000 1.357131
0.400000 0.700000 1.333605
0.400000 0.800000 1.317776
0.400000 0.900000 1.308445
0.400000 1.000000 1.304664
0.400000 1.100000 1.305638
0.400000 1.200000 1.310676
0.400000 1.300000 1.319158
0.400000 1.400000 1.330530
0.400000 1.500000 1.344297
0.400000 1.600000 1.360024
0.400000 1.700000 1.377335
0.400000 1.800000 1.395911
0.400000 1.900000 1.415483
0.400000 2.000000 1.435829
0.400000 2.100000 1.456767
0.400000 2.200000 1.478147
0.400000 2.300000 1.499849
0.400000 2.400000 1.521773
0.400000 2.500000 1.543841
0.400000 2.600000 1.565988
0.400000 2.700000 1.588163
0.400000 2.800000 1.610323
0.400000 2.900000 1.632436
0.400000 3.000000 1.654475
0.400000 3.100000 1.676418
0.400000 3.200000 1.698248
0.400000 3.300000 1.719952
0.400000 3.400000 1.741520
0.400000 3.500000 1.762943
0.400000 3.600000 1.784215
0.400000 3.700000 1.805332
0.400000 3.800000 1.826290
0.400000 3.900000 1.847087
0.400000 4.000000 1.867723
0.400000 4.100000 1.888196
0.400000 4.200000 1.908507
0.400000 4.300000 1.928656
0.400000 4.400000 1.948644
0.400000 4.500000 1.968473
0.400000 4.600000 1.988144
0.400000 4.700000 2.007658
0.400000 4.800000 2.027019
0.400000 4.900000 2.046226
0.400000 5.000000 2.065284
0.500000 0.100000 1.634900
0.500000 0.200000 1.507326
0.500000 0.300000 1.423266
0.500000 0.400000 1.362102
0.500000 0.500000 1.316228
0.500000 0.600000 1.281858
0.500000 0.700000 1.256748
0.500000 0.800000 1.239386
0.500000 0.900000 1.228643
0.500000 1.000000 1.223607
0.500000 1.100000 1.223492
0.500000 1.200000 1.227600
0.500000 1.300000 1.235299
0.500000 1.400000 1.246015
0.500000 1.500000 1.259235
0.500000 1.600000 1.274507
0.500000 1.700000 1.291440
0.500000 1.800000 1.309701
0.500000 1.900000 1.329010
0.500000 2.000000 1.349137
0.500000 2.100000 1.369891
0.500000 2.200000 1.391116
0.500000 2.300000 1.412687
0.500000 2.400000 1.434501
0.500000 2.500000 1.456476
0.500000 2.600000 1.478543
0.500000 2.700000 1.500649
0.500000 2.800000 1.522752
0.500000 2.900000 1.544815
0.500000 3.000000 1.566811
0.500000 3.100000 1.588717
0.500000 3.200000 1.610515
0.500000 3.300000 1.632191
0.500000 3.400000 1.653735
0.500000 3.500000 1.675137
0.500000 3.600000 1.696391
0.500000 3.700000 1.717492
0.500000 3.800000 1.738437
0.500000 3.900000 1.759222
0.500000 4.000000 1.779848
0.500000 4.100000 1.800312
0.500000 4.200000 1.820615
0.500000 4.300000 1.840757
0.500000 4.400000 1.860740
0.500000 4.500000 1.880563
0.500000 4.600000 1.900230
0.500000 4.700000 1.919740
0.500000 4.800000 1.939097
0.500000 4.900000 1.958303
0.500000 5.000000 1.977358
0.600000 0.100000 1.588782
0.600000 0.200000 1.463257
0.600000 0.300000 1.379103
0.600000 0.400000 1.316912
0.600000 0.500000 1.269523
0.600000 0.600000 1.233397
0.600000 0.700000 1.206454
0.600000 0.800000 1.187299
0.600000 0.900000 1.174880
0.600000 1.000000 1.168329
0.600000 1.100000 1.166881
0.600000 1.200000 1.169839
0.600000 1.300000 1.176558
0.600000 1.400000 1.186448
0.600000 1.500000 1.198976
0.600000 1.600000 1.213670
0.600000 1.700000 1.230120
0.600000 1.800000 1.247978
0.600000 1.900000 1.266950
0.600000 2.000000 1.286794
0.600000 2.100000 1.307310
0.600000 2.200000 1.328335
0.600000 2.300000 1.349737
0.600000 2.400000 1.371406
0.600000 2.500000 1.393258
0.600000 2.600000 1.415220
0.600000 2.700000 1.437236
0.600000 2.800000 1.459261
0.600000 2.900000 1.481257
0.600000 3.000000 1.503194
0.600000 3.100000 1.525050
0.600000 3.200000 1.546804
0.600000 3.300000 1.568443
0.600000 3.400000 1.589953
0.600000 3.500000 1.611325
0.600000 3.600000 1.632553
0.600000 3.700000 1.653632
0.600000 3.800000 1.674556
0.600000 3.900000 1.695324
0.600000 4.000000 1.715933
0.600000 4.100000 1.736384
0.600000 4.200000 1.756674
0.600000 4.300000 1.776806
0.600000 4.400000 1.796778
0.600000 4.500000 1.816593
0.600000 4.600000 1.836252
0.600000 4.700000 1.855756
0.600000 4.800000 1.875107
0.600000 4.900000 1.894306
0.600000 5.000000 1.913357
0.700000 0.100000 1.561954
0.700000 0.200000 1.437649
0.700000 0.300000 1.353102
0.700000 0.400000 1.289761
0.700000 0.500000 1.240788
0.700000 0.600000 1.202829
0.700000 0.700000 1.173943
0.700000 0.800000 1.152842
0.700000 0.900000 1.138560
0.700000 1.000000 1.130289
0.700000 1.100000 1.127297
0.700000 1.200000 1.128901
0.700000 1.300000 1.134454
0.700000 1.400000 1.143350
0.700000 1.500000 1.155039
0.700000 1.600000 1.169028
0.700000 1.700000 1.184888
0.700000 1.800000 1.202252
0.700000 1.900000 1.220810
0.700000 2.000000 1.240306
0.700000 2.100000 1.260530
0.700000 2.200000 1.281308
0.700000 2.300000 1.302500
0.700000 2.400000 1.323992
0.700000 2.500000 1.345691
0.700000 2.600000 1.367524
0.700000 2.700000 1.389428
0.700000 2.800000 1.411357
0.700000 2.900000 1.433270
0.700000 3.000000 1.455135
0.700000 3.100000 1.476927
0.700000 3.200000 1.498627
0.700000 3.300000 1.520217
0.700000 3.400000 1.541684
0.700000 3.500000 1.563020
0.700000 3.600000 1.584215
0.700000 3.700000 1.605264
0.700000 3.800000 1.626162
0.700000 3.900000 1.646907
0.700000 4.000000 1.667496
0.700000 4.100000 1.687928
0.700000 4.200000 1.708203
0.700000 4.300000 1.728319
0.700000 4.400000 1.748279
0.700000 4.500000 1.768082
0.700000 4.600000 1.787730
0.700000 4.700000 1.807224
0.700000 4.800000 1.826567
0.700000 4.900000 1.845759
0.700000 5.000000 1.864802
0.800000 0.100000 1.548333
0.800000 0.200000 1.424777
0.800000 0.300000 1.339725
0.800000 0.400000 1.275248
0.800000 0.500000 1.224742
0.800000 0.600000 1.184990
0.800000 0.700000 1.154158
0.800000 0.800000 1.131055
0.800000 0.900000 1.114803
0.800000 1.000000 1.104662
0.800000 1.100000 1.099953
0.800000 1.200000 1.100018
0.800000 1.300000 1.104223
0.800000 1.400000 1.111957
0.800000 1.500000 1.122655
0.800000 1.600000 1.135806
0.800000 1.700000 1.150961
0.800000 1.800000 1.167733
0.800000 1.900000 1.185794
0.800000 2.000000 1.204873
0.800000 2.100000 1.224746
0.800000 2.200000 1.245227
0.800000 2.300000 1.266168
0.800000 2.400000 1.287447
0.800000 2.500000 1.308965
0.800000 2.600000 1.330641
0.800000 2.700000 1.352412
0.800000 2.800000 1.374225
0.800000 2.900000 1.396038
0.800000 3.000000 1.417817
0.800000 3.100000 1.439534
0.800000 3.200000 1.461167
0.800000 3.300000 1.482699
0.800000 3.400000 1.504116
0.800000 3.500000 1.525406
0.800000 3.600000 1.546562
0.800000 3.700000 1.567575
0.800000 3.800000 1.588443
0.800000 3.900000 1.609160
0.800000 4.000000 1.629724
0.800000 4.100000 1.650134
0.800000 4.200000 1.670388
0.800000 4.300000 1.690487
0.800000 4.400000 1.710430
0.800000 4.500000 1.730218
0.800000 4.600000 1.749853
0.800000 4.700000 1.769336
0.800000 4.800000 1.788667
0.800000 4.900000 1.807849
0.800000 5.000000 1.826884
0.900000 0.100000 1.544092
0.900000 0.200000 1.421015
0.900000 0.300000 1.335444
0.900000 0.400000 1.269917
0.900000 0.500000 1.218000
0.900000 0.600000 1.176571
0.900000 0.700000 1.143876
0.900000 0.800000 1.118804
0.900000 0.900000 1.100552
0.900000 1.000000 1.088457
0.900000 1.100000 1.081900
0.900000 1.200000 1.080271
0.900000 1.300000 1.082959
0.900000 1.400000 1.089364
0.900000 1.500000 1.098915
0.900000 1.600000 1.111087
0.900000 1.700000 1.125413
0.900000 1.800000 1.141486
0.900000 1.900000 1.158959
0.900000 2.000000 1.177544
0.900000 2.100000 1.197000
0.900000 2.200000 1.217131
0.900000 2.300000 1.237775
0.900000 2.400000 1.258801
0.900000 2.500000 1.280104
0.900000 2.600000 1.301597
0.900000 2.700000 1.323211
0.900000 2.800000 1.344888
0.900000 2.900000 1.366584
0.900000 3.000000 1.388260
0.900000 3.100000 1.409889
0.900000 3.200000 1.431445
0.900000 3.300000 1.452909
0.900000 3.400000 1.474266
0.900000 3.500000 1.495504
0.900000 3.600000 1.516612
0.900000 3.700000 1.537585
0.900000 3.800000 1.558415
0.900000 3.900000 1.579100
0.900000 4.000000 1.599634
0.900000 4.100000 1.620018
0.900000 4.200000 1.640249
0.900000 4.300000 1.660326
0.900000 4.400000 1.680250
0.900000 4.500000 1.700022
0.900000 4.600000 1.719641
0.900000 4.700000 1.739109
0.900000 4.800000 1.758428
0.900000 4.900000 1.777598
0.900000 5.000000 1.796622
1.000000 0.100000 1.546681
1.000000 0.200000 1.423925
1.000000 0.300000 1.337871
1.000000 0.400000 1.271415
1.000000 0.500000 1.218242
1.000000 0.600000 1.175299
1.000000 0.700000 1.140884
1.000000 0.800000 1.113942
1.000000 0.900000 1.093735
1.000000 1.000000 1.079669
1.000000 1.100000 1.071193
1.000000 1.200000 1.067752
1.000000 1.300000 1.068779
1.000000 1.400000 1.073698
1.000000 1.500000 1.081945
1.000000 1.600000 1.092991
1.000000 1.700000 1.106354
1.000000 1.800000 1.121611
1.000000 1.900000 1.138395
1.000000 2.000000 1.156399
1.000000 2.100000 1.175366
1.000000 2.200000 1.195083
1.000000 2.300000 1.215379
1.000000 2.400000 1.236110
1.000000 2.500000 1.257161
1.000000 2.600000 1.278440
1.000000 2.700000 1.299869
1.000000 2.800000 1.321388
1.000000 2.900000 1.342948
1.000000 3.000000 1.364506
1.000000 3.100000 1.386032
1.000000 3.200000 1.407498
1.000000 3.300000 1.428884
1.000000 3.400000 1.450172
1.000000 3.500000 1.471349
1.000000 3.600000 1.492404
1.000000 3.700000 1.513329
1.000000 3.800000 1.534117
1.000000 3.900000 1.554763
1.000000 4.000000 1.575265
1.000000 4.100000 1.595618
1.000000 4.200000 1.615821
1.000000 4.300000 1.635875
1.000000 4.400000 1.655777
1.000000 4.500000 1.675528
1.000000 4.600000 1.695130
1.000000 4.700000 1.714581
1.000000 4.800000 1.733885
1.000000 4.900000 1.753042
1.000000 5.000000 1.772054
1.100000 0.100000 1.554329
1.100000 0.200000 1.431802
1.100000 0.300000 1.345322
1.100000 0.400000 1.278063
1.100000 0.500000 1.223801
1.100000 0.600000 1.179525
1.100000 0.700000 1.143566
1.100000 0.800000 1.114906
1.100000 0.900000 1.092853
1.100000 1.000000 1.076867
1.100000 1.100000 1.066461
1.100000 1.200000 1.061144
1.100000 1.300000 1.060401
1.100000 1.400000 1.063697
1.100000 1.500000 1.070491
1.100000 1.600000 1.080261
1.100000 1.700000 1.092521
1.100000 1.800000 1.106833
1.100000 1.900000 1.122816
1.100000 2.000000 1.140142
1.100000 2.100000 1.158537
1.100000 2.200000 1.177772
1.100000 2.300000 1.197659
1.100000 2.400000 1.218045
1.100000 2.500000 1.238803
1.100000 2.600000 1.259832
1.100000 2.700000 1.281048
1.100000 2.800000 1.302385
1.100000 2.900000 1.323786
1.100000 3.000000 1.345209
1.100000 3.100000 1.366616
1.100000 3.200000 1.387979
1.100000 3.300000 1.409275
1.100000 3.400000 1.430484
1.100000 3.500000 1.451591
1.100000 3.600000 1.472585
1.100000 3.700000 1.493456
1.100000 3.800000 1.514195
1.100000 3.900000 1.534799
1.100000 4.000000 1.555262
1.100000 4.100000 1.575581
1.100000 4.200000 1.595753
1.100000 4.300000 1.615779
1.100000 4.400000 1.635656
1.100000 4.500000 1.655385
1.100000 4.600000 1.674966
1.100000 4.700000 1.694399
1.100000 4.800000 1.713686
1.100000 4.900000 1.732828
1.100000 5.000000 1.751825
1.200000 0.100000 1.565769
1.200000 0.200000 1.443417
1.200000 0.300000 1.356573
1.200000 0.400000 1.288634
1.200000 0.500000 1.233442
1.200000 0.600000 1.188016
1.200000 0.700000 1.150703
1.200000 0.800000 1.120505
1.200000 0.900000 1.096757
1.200000 1.000000 1.078959
1.200000 1.100000 1.066677
1.200000 1.200000 1.059477
1.200000 1.300000 1.056904
1.200000 1.400000 1.058474
1.200000 1.500000 1.063685
1.200000 1.600000 1.072036
1.200000 1.700000 1.083049
1.200000 1.800000 1.096282
1.200000 1.900000 1.111340
1.200000 2.000000 1.127879
1.200000 2.100000 1.145608
1.200000 2.200000 1.164281
1.200000 2.300000 1.183693
1.200000 2.400000 1.203677
1.200000 2.500000 1.224095
1.200000 2.600000 1.244834
1.200000 2.700000 1.265803
1.200000 2.800000 1.286928
1.200000 2.900000 1.308148
1.200000 3.000000 1.329413
1.200000 3.100000 1.350685
1.200000 3.200000 1.371930
1.200000 3.300000 1.393123
1.200000 3.400000 1.414242
1.200000 3.500000 1.435270
1.200000 3.600000 1.456194
1.200000 3.700000 1.477003
1.200000 3.800000 1.497689
1.200000 3.900000 1.518244
1.200000 4.000000 1.538663
1.200000 4.100000 1.558943
1.200000 4.200000 1.579081
1.200000 4.300000 1.599075
1.200000 4.400000 1.618924
1.200000 4.500000 1.638628
1.200000 4.600000 1.658186
1.200000 4.700000 1.677598
1.200000 4.800000 1.696866
1.200000 4.900000 1.715991
1.200000 5.000000 1.734973
1.300000 0.100000 1.580076
1.300000 0.200000 1.457864
1.300000 0.300000 1.370717
1.300000 0.400000 1.302207
1.300000 0.500000 1.246232
1.300000 0.600000 1.199826
1.300000 0.700000 1.161347
1.300000 0.800000 1.129800
1.300000 0.900000 1.104536
1.300000 1.000000 1.085077
1.300000 1.100000 1.071025
1.300000 1.200000 1.061995
1.300000 1.300000 1.057587
1.300000 1.400000 1.057373
1.300000 1.500000 1.060902
1.300000 1.600000 1.067709
1.300000 1.700000 1.077337
1.300000 1.800000 1.089352
1.300000 1.900000 1.103354
1.300000 2.000000 1.118989
1.300000 2.100000 1.135947
1.300000 2.200000 1.153967
1.300000 2.300000 1.172826
1.300000 2.400000 1.192343
1.300000 2.500000 1.212365
1.300000 2.600000 1.232768
1.300000 2.700000 1.253451
1.300000 2.800000 1.274332
1.300000 2.900000 1.295342
1.300000 3.000000 1.316428
1.300000 3.100000 1.337544
1.300000 3.200000 1.358655
1.300000 3.300000 1.379730
1.300000 3.400000 1.400747
1.300000 3.500000 1.421686
1.300000 3.600000 1.442531
1.300000 3.700000 1.463270
1.300000 3.800000 1.483894
1.300000 3.900000 1.504394
1.300000 4.000000 1.524765
1.300000 4.100000 1.545001
1.300000 4.200000 1.565100
1.300000 4.300000 1.585060
1.300000 4.400000 1.604877
1.300000 4.500000 1.624552
1.300000 4.600000 1.644085
1.300000 4.700000 1.663474
1.300000 4.800000 1.682721
1.300000 4.900000 1.701826
1.300000 5.000000 1.720790
1.400000 0.100000 1.596559
1.400000 0.200000 1.474467
1.400000 0.300000 1.387069
1.400000 0.400000 1.318086
1.400000 0.500000 1.261454
1.400000 0.600000 1.214223
1.400000 0.700000 1.174750
1.400000 0.800000 1.142041
1.400000 0.900000 1.115447
1.400000 1.000000 1.094503
1.400000 1.100000 1.078828
1.400000 1.200000 1.068071
1.400000 1.300000 1.061880
1.400000 1.400000 1.059878
1.400000 1.500000 1.061669
1.400000 1.600000 1.066836
1.400000 1.700000 1.074958
1.400000 1.800000 1.085621
1.400000 1.900000 1.098433
1.400000 2.000000 1.113036
1.400000 2.100000 1.129108
1.400000 2.200000 1.146373
1.400000 2.300000 1.164592
1.400000 2.400000 1.183566
1.400000 2.500000 1.203129
1.400000 2.600000 1.223143
1.400000 2.700000 1.243495
1.400000 2.800000 1.264094
1.400000 2.900000 1.284863
1.400000 3.000000 1.305742
1.400000 3.100000 1.326680
1.400000 3.200000 1.347637
1.400000 3.300000 1.368579
1.400000 3.400000 1.389479
1.400000 3.500000 1.410316
1.400000 3.600000 1.431072
1.400000 3.700000 1.451733
1.400000 3.800000 1.472287
1.400000 3.900000 1.492726
1.400000 4.000000 1.513042
1.400000 4.100000 1.533230
1.400000 4.200000 1.553286
1.400000 4.300000 1.573206
1.400000 4.400000 1.592988
1.400000 4.500000 1.612632
1.400000 4.600000 1.632136
1.400000 4.700000 1.651499
1.400000 4.800000 1.670723
1.400000 4.900000 1.689806
1.400000 5.000000 1.708752
1.500000 0.100000 1.614698
1.500000 0.200000 1.492713
1.500000 0.300000 1.405111
1.500000 0.400000 1.335735
1.500000 0.500000 1.278557
1.500000 0.600000 1.230633
1.500000 0.700000 1.190321
1.500000 0.800000 1.156621
1.500000 0.900000 1.128881
1.500000 1.000000 1.106632
1.500000 1.100000 1.089504
1.500000 1.200000 1.077164
1.500000 1.300000 1.069290
1.500000 1.400000 1.065551
1.500000 1.500000 1.065600
1.500000 1.600000 1.069073
1.500000 1.700000 1.075596
1.500000 1.800000 1.084789
1.500000 1.900000 1.096281
1.500000 2.000000 1.109721
1.500000 2.100000 1.124784
1.500000 2.200000 1.141181
1.500000 2.300000 1.158661
1.500000 2.400000 1.177007
1.500000 2.500000 1.196037
1.500000 2.600000 1.215599
1.500000 2.700000 1.235569
1.500000 2.800000 1.255842
1.500000 2.900000 1.276334
1.500000 3.000000 1.296975
1.500000 3.100000 1.317709
1.500000 3.200000 1.338489
1.500000 3.300000 1.359279
1.500000 3.400000 1.380047
1.500000 3.500000 1.400769
1.500000 3.600000 1.421424
1.500000 3.700000 1.441997
1.500000 3.800000 1.462473
1.500000 3.900000 1.482843
1.500000 4.000000 1.503097
1.500000 4.100000 1.523231
1.500000 4.200000 1.543238
1.500000 4.300000 1.563115
1.500000 4.400000 1.582858
1.500000 4.500000 1.602467
1.500000 4.600000 1.621939
1.500000 4.700000 1.641274
1.500000 4.800000 1.660471
1.500000 4.900000 1.679532
1.500000 5.000000 1.698455
1.600000 0.100000 1.634098
1.600000 0.200000 1.512210
1.600000 0.300000 1.424442
1.600000 0.400000 1.354741
1.600000 0.500000 1.297109
1.600000 0.600000 1.248607
1.600000 0.700000 1.207590
1.600000 0.800000 1.173052
1.600000 0.900000 1.144333
1.600000 1.000000 1.120958
1.600000 1.100000 1.102554
1.600000 1.200000 1.088796
1.600000 1.300000 1.079377
1.600000 1.400000 1.073998
1.600000 1.500000 1.072353
1.600000 1.600000 1.074128
1.600000 1.700000 1.078999
1.600000 1.800000 1.086631
1.600000 1.900000 1.096689
1.600000 2.000000 1.108839
1.600000 2.100000 1.122765
1.600000 2.200000 1.138174
1.600000 2.300000 1.154804
1.600000 2.400000 1.172425
1.600000 2.500000 1.190839
1.600000 2.600000 1.209879
1.600000 2.700000 1.229405
1.600000 2.800000 1.249302
1.600000 2.900000 1.269473
1.600000 3.000000 1.289840
1.600000 3.100000 1.310340
1.600000 3.200000 1.330919
1.600000 3.300000 1.351535
1.600000 3.400000 1.372153
1.600000 3.500000 1.392744
1.600000 3.600000 1.413285
1.600000 3.700000 1.433758
1.600000 3.800000 1.454146
1.600000 3.900000 1.474438
1.600000 4.000000 1.494625
1.600000 4.100000 1.514697
1.600000 4.200000 1.534650
1.600000 4.300000 1.554479
1.600000 4.400000 1.574179
1.600000 4.500000 1.593748
1.600000 4.600000 1.613185
1.600000 4.700000 1.632489
1.600000 4.800000 1.651658
1.600000 4.900000 1.670692
1.600000 5.000000 1.689593
1.700000 0.100000 1.654452
1.700000 0.200000 1.532654
1.700000 0.300000 1.444753
1.700000 0.400000 1.374784
1.700000 0.500000 1.316773
1.700000 0.600000 1.267788
1.700000 0.700000 1.226181
1.700000 0.800000 1.190939
1.700000 0.900000 1.161390
1.700000 1.000000 1.137052
1.700000 1.100000 1.117545
1.700000 1.200000 1.102540
1.700000 1.300000 1.091737
1.700000 1.400000 1.084851
1.700000 1.500000 1.081607
1.700000 1.600000 1.081730
1.700000 1.700000 1.084944
1.700000 1.800000 1.090965
1.700000 1.900000 1.099499
1.700000 2.000000 1.110247
1.700000 2.100000 1.122912
1.700000 2.200000 1.137209
1.700000 2.300000 1.152872
1.700000 2.400000 1.169661
1.700000 2.500000 1.187364
1.700000 2.600000 1.205800
1.700000 2.700000 1.224812
1.700000 2.800000 1.244273
1.700000 2.900000 1.264074
1.700000 3.000000 1.284126
1.700000 3.100000 1.304356
1.700000 3.200000 1.324705
1.700000 3.300000 1.345122
1.700000 3.400000 1.365568
1.700000 3.500000 1.386011
1.700000 3.600000 1.406422
1.700000 3.700000 1.426782
1.700000 3.800000 1.447071
1.700000 3.900000 1.467277
1.700000 4.000000 1.487386
1.700000 4.100000 1.507391
1.700000 4.200000 1.527283
1.700000 4.300000 1.547058
1.700000 4.400000 1.566710
1.700000 4.500000 1.586237
1.700000 4.600000 1.605635
1.700000 4.700000 1.624903
1.700000 4.800000 1.644041
1.700000 4.900000 1.663047
1.700000 5.000000 1.681921
1.800000 0.100000 1.675522
1.800000 0.200000 1.553809
1.800000 0.300000 1.465801
1.800000 0.400000 1.395611
1.800000 0.500000 1.337285
1.800000 0.600000 1.287897
1.800000 0.700000 1.245795
1.800000 0.800000 1.209961
1.800000 0.900000 1.179714
1.800000 1.000000 1.154560
1.800000 1.100000 1.134108
1.800000 1.200000 1.118024
1.800000 1.300000 1.106003
1.800000 1.400000 1.097765
1.800000 1.500000 1.093051
1.800000 1.600000 1.091614
1.800000 1.700000 1.093216
1.800000 1.800000 1.097620
1.800000 1.900000 1.104579
1.800000 2.000000 1.113838
1.800000 2.100000 1.125133
1.800000 2.200000 1.138197
1.800000 2.300000 1.152771
1.800000 2.400000 1.168613
1.800000 2.500000 1.185500
1.800000 2.600000 1.203238
1.800000 2.700000 1.221658
1.800000 2.800000 1.240614
1.800000 2.900000 1.259987
1.800000 3.000000 1.279675
1.800000 3.100000 1.299594
1.800000 3.200000 1.319677
1.800000 3.300000 1.339867
1.800000 3.400000 1.360117
1.800000 3.500000 1.380391
1.800000 3.600000 1.400656
1.800000 3.700000 1.420887
1.800000 3.800000 1.441065
1.800000 3.900000 1.461173
1.800000 4.000000 1.481196
1.800000 4.100000 1.501125
1.800000 4.200000 1.520950
1.800000 4.300000 1.540664
1.800000 4.400000 1.560263
1.800000 4.500000 1.579742
1.800000 4.600000 1.599097
1.800000 4.700000 1.618327
1.800000 4.800000 1.637430
1.800000 4.900000 1.656405
1.800000 5.000000 1.675251
1.900000 0.100000 1.697124
1.900000 0.200000 1.575491
1.900000 0.300000 1.487398
1.900000 0.400000 1.417024
1.900000 0.500000 1.358435
1.900000 0.600000 1.308710
1.900000 0.700000 1.266195
1.900000 0.800000 1.229863
1.900000 0.900000 1.199028
1.900000 1.000000 1.173185
1.900000 1.100000 1.151932
1.900000 1.200000 1.134922
1.900000 1.300000 1.121846
1.900000 1.400000 1.112418
1.900000 1.500000 1.106384
1.900000 1.600000 1.103512
1.900000 1.700000 1.103591
1.900000 1.800000 1.106420
1.900000 1.900000 1.111799
1.900000 2.000000 1.119520
1.900000 2.100000 1.129359
1.900000 2.200000 1.141082
1.900000 2.300000 1.154449
1.900000 2.400000 1.169224
1.900000 2.500000 1.185183
1.900000 2.600000 1.202121
1.900000 2.700000 1.219856
1.900000 2.800000 1.238230
1.900000 2.900000 1.257108
1.900000 3.000000 1.276374
1.900000 3.100000 1.295936
1.900000 3.200000 1.315713
1.900000 3.300000 1.335641
1.900000 3.400000 1.355667
1.900000 3.500000 1.375747
1.900000 3.600000 1.395845
1.900000 3.700000 1.415932
1.900000 3.800000 1.435984
1.900000 3.900000 1.455981
1.900000 4.000000 1.475907
1.900000 4.100000 1.495751
1.900000 4.200000 1.515500
1.900000 4.300000 1.535148
1.900000 4.400000 1.554688
1.900000 4.500000 1.574113
1.900000 4.600000 1.593422
1.900000 4.700000 1.612609
1.900000 4.800000 1.631674
1.900000 4.900000 1.650614
1.900000 5.000000 1.669429
2.000000 0.100000 1.719112
2.000000 0.200000 1.597553
2.000000 0.300000 1.509392
2.000000 0.400000 1.438866
2.000000 0.500000 1.380058
2.000000 0.600000 1.330051
2.000000 0.700000 1.287188
2.000000 0.800000 1.250439
2.000000 0.900000 1.219109
2.000000 1.000000 1.192685
2.000000 1.100000 1.170754
2.000000 1.200000 1.152959
2.000000 1.300000 1.138977
2.000000 1.400000 1.128517
2.000000 1.500000 1.121320
2.000000 1.600000 1.117159
2.000000 1.700000 1.115835
2.000000 1.800000 1.117176
2.000000 1.900000 1.121017
2.000000 2.000000 1.127192
2.000000 2.100000 1.135526
2.000000 2.200000 1.145825
2.000000 2.300000 1.157879
2.000000 2.400000 1.171471
2.000000 2.500000 1.186385
2.000000 2.600000 1.202413
2.000000 2.700000 1.219363
2.000000 2.800000 1.237065
2.000000 2.900000 1.255370
2.000000 3.000000 1.274150
2.000000 3.100000 1.293297
2.000000 3.200000 1.312722
2.000000 3.300000 1.332349
2.000000 3.400000 1.352118
2.000000 3.500000 1.371977
2.000000 3.600000 1.391884
2.000000 3.700000 1.411806
2.000000 3.800000 1.431715
2.000000 3.900000 1.451587
2.000000 4.000000 1.471405
2.000000 4.100000 1.491152
2.000000 4.200000 1.510817
2.000000 4.300000 1.530391
2.000000 4.400000 1.549864
2.000000 4.500000 1.569231
2.000000 4.600000 1.588486
2.000000 4.700000 1.607627
2.000000 4.800000 1.626649
2.000000 4.900000 1.645551
2.000000 5.000000 1.664332
2.100000 0.100000 1.741368
2.100000 0.200000 1.619881
2.100000 0.300000 1.531667
2.100000 0.400000 1.461015
2.100000 0.500000 1.402023
2.100000 0.600000 1.351777
2.100000 0.700000 1.308622
2.100000 0.800000 1.271522
2.100000 0.900000 1.239776
2.100000 1.000000 1.212863
2.100000 1.100000 1.190360
2.100000 1.200000 1.171898
2.100000 1.300000 1.157146
2.100000 1.400000 1.145801
2.100000 1.500000 1.137594
2.100000 1.600000 1.132295
2.100000 1.700000 1.129711
2.100000 1.800000 1.129681
2.100000 1.900000 1.132066
2.100000 2.000000 1.136737
2.100000 2.100000 1.143559
2.100000 2.200000 1.152384
2.100000 2.300000 1.163043
2.100000 2.400000 1.175349
2.100000 2.500000 1.189104
2.100000 2.600000 1.204107
2.100000 2.700000 1.220164
2.100000 2.800000 1.237096
2.100000 2.900000 1.254741
2.100000 3.000000 1.272958
2.100000 3.100000 1.291627
2.100000 3.200000 1.310644
2.100000 3.300000 1.329924
2.100000 3.400000 1.349396
2.100000 3.500000 1.369001
2.100000 3.600000 1.388691
2.100000 3.700000 1.408425
2.100000 3.800000 1.428171
2.100000 3.900000 1.447902
2.100000 4.000000 1.467596
2.100000 4.100000 1.487236
2.100000 4.200000 1.506807
2.100000 4.300000 1.526296
2.100000 4.400000 1.545696
2.100000 4.500000 1.564997
2.100000 4.600000 1.584194
2.100000 4.700000 1.603283
2.100000 4.800000 1.622258
2.100000 4.900000 1.641119
2.100000 5.000000 1.659862
2.200000 0.100000 1.763803
2.200000 0.200000 1.642383
2.200000 0.300000 1.554128
2.200000 0.400000 1.483371
2.200000 0.500000 1.424224
2.200000 0.600000 1.373778
2.200000 0.700000 1.330375
2.200000 0.800000 1.292979
2.200000 0.900000 1.260882
2.200000 1.000000 1.233556
2.200000 1.100000 1.210570
2.200000 1.200000 1.191546
2.200000 1.300000 1.176141
2.200000 1.400000 1.164041
2.200000 1.500000 1.154967
2.200000 1.600000 1.148680
2.200000 1.700000 1.144984
2.200000 1.800000 1.143720
2.200000 1.900000 1.144764
2.200000 2.000000 1.148011
2.200000 2.100000 1.153360
2.200000 2.200000 1.160705
2.200000 2.300000 1.169921
2.200000 2.400000 1.180860
2.200000 2.500000 1.193353
2.200000 2.600000 1.207219
2.200000 2.700000 1.222270
2.200000 2.800000 1.238325
2.200000 2.900000 1.255213
2.200000 3.000000 1.272782
2.200000 3.100000 1.290898
2.200000 3.200000 1.309444
2.200000 3.300000 1.328323
2.200000 3.400000 1.347454
2.200000 3.500000 1.366767
2.200000 3.600000 1.386206
2.200000 3.700000 1.405725
2.200000 3.800000 1.425286
2.200000 3.900000 1.444856
2.200000 4.000000 1.464411
2.200000 4.100000 1.483929
2.200000 4.200000 1.503393
2.200000 4.300000 1.522789
2.200000 4.400000 1.542106
2.200000 4.500000 1.561335
2.200000 4.600000 1.580467
2.200000 4.700000 1.599497
2.200000 4.800000 1.618421
2.200000 4.900000 1.637235
2.200000 5.000000 1.655937
2.300000 0.100000 1.786343
2.300000 0.200000 1.664986
2.300000 0.300000 1.576699
2.300000 0.400000 1.505855
2.300000 0.500000 1.446577
2.300000 0.600000 1.395961
2.300000 0.700000 1.352350
2.300000 0.800000 1.314703
2.300000 0.900000 1.282308
2.300000 1.000000 1.254633
2.300000 1.100000 1.231240
2.300000 1.200000 1.211741
2.300000 1.300000 1.195783
2.300000 1.400000 1.183042
2.300000 1.500000 1.173229
2.300000 1.600000 1.166093
2.300000 1.700000 1.161429
2.300000 1.800000 1.159077
2.300000 1.900000 1.158914
2.300000 2.000000 1.160847
2.300000 2.100000 1.164801
2.300000 2.200000 1.170703
2.300000 2.300000 1.178469
2.300000 2.400000 1.187993
2.300000 2.500000 1.199146
2.300000 2.600000 1.211774
2.300000 2.700000 1.225710
2.300000 2.800000 1.240777
2.300000 2.900000 1.256803
2.300000 3.000000 1.273629
2.300000 3.100000 1.291107
2.300000 3.200000 1.309109
2.300000 3.300000 1.327525
2.300000 3.400000 1.346261
2.300000 3.500000 1.365238
2.300000 3.600000 1.384389
2.300000 3.700000 1.403662
2.300000 3.800000 1.423010
2.300000 3.900000 1.442398
2.300000 4.000000 1.461794
2.300000 4.100000 1.481174
2.300000 4.200000 1.500518
2.300000 4.300000 1.519809
2.300000 4.400000 1.539033
2.300000 4.500000 1.558180
2.300000 4.600000 1.577240
2.300000 4.700000 1.596206
2.300000 4.800000 1.615073
2.300000 4.900000 1.633836
2.300000 5.000000 1.652491
2.400000 0.100000 1.808930
2.400000 0.200000 1.687633
2.400000 0.300000 1.599321
2.400000 0.400000 1.528404
2.400000 0.500000 1.469016
2.400000 0.600000 1.418256
2.400000 0.700000 1.374466
2.400000 0.800000 1.336606
2.400000 0.900000 1.303960
2.400000 1.000000 1.275989
2.400000 1.100000 1.252250
2.400000 1.200000 1.232349
2.400000 1.300000 1.215924
2.400000 1.400000 1.202641
2.400000 1.500000 1.192199
2.400000 1.600000 1.184338
2.400000 1.700000 1.178843
2.400000 1.800000 1.175543
2.400000 1.900000 1.174314
2.400000 2.000000 1.175064
2.400000 2.100000 1.177732
2.400000 2.200000 1.182267
2.400000 2.300000 1.188618
2.400000 2.400000 1.196720
2.400000 2.500000 1.206485
2.400000 2.600000 1.217798
2.400000 2.700000 1.230519
2.400000 2.800000 1.244490
2.400000 2.900000 1.259547
2.400000 3.000000 1.275525
2.400000 3.100000 1.292272
2.400000 3.200000 1.309648
2.400000 3.300000 1.327529
2.400000 3.400000 1.345808
2.400000 3.500000 1.364396
2.400000 3.600000 1.383216
2.400000 3.700000 1.402205
2.400000 3.800000 1.421310
2.400000 3.900000 1.440488
2.400000 4.000000 1.459704
2.400000 4.100000 1.478928
2.400000 4.200000 1.498136
2.400000 4.300000 1.517308
2.400000 4.400000 1.536428
2.400000 4.500000 1.555483
2.400000 4.600000 1.574462
2.400000 4.700000 1.593357
2.400000 4.800000 1.612160
2.400000 4.900000 1.630867
2.400000 5.000000 1.649471
2.500000 0.100000 1.831516
2.500000 0.200000 1.710276
2.500000 0.300000 1.621946
2.500000 0.400000 1.550968
2.500000 0.500000 1.491487
2.500000 0.600000 1.440603
2.500000 0.700000 1.396662
2.500000 0.800000 1.358620
2.500000 0.900000 1.325759
2.500000 1.000000 1.297537
2.500000 1.100000 1.273505
2.500000 1.200000 1.253263
2.500000 1.300000 1.236442
2.500000 1.400000 1.222700
2.500000 1.500000 1.211726
2.500000 1.600000 1.203248
2.500000 1.700000 1.197042
2.500000 1.800000 1.192927
2.500000 1.900000 1.190769
2.500000 2.000000 1.190474
2.500000 2.100000 1.191983
2.500000 2.200000 1.195256
2.500000 2.300000 1.200267
2.500000 2.400000 1.206981
2.500000 2.500000 1.215351
2.500000 2.600000 1.225302
2.500000 2.700000 1.236732
2.500000 2.800000 1.249510
2.500000 2.900000 1.263490
2.500000 3.000000 1.278515
2.500000 3.100000 1.294429
2.500000 3.200000 1.311085
2.500000 3.300000 1.328349
2.500000 3.400000 1.346101
2.500000 3.500000 1.364240
2.500000 3.600000 1.382677
2.500000 3.700000 1.401339
2.500000 3.800000 1.420165
2.500000 3.900000 1.439103
2.500000 4.000000 1.458113
2.500000 4.100000 1.477159
2.500000 4.200000 1.496212
2.500000 4.300000 1.515250
2.500000 4.400000 1.534252
2.500000 4.500000 1.553204
2.500000 4.600000 1.572093
2.500000 4.700000 1.590908
2.500000 4.800000 1.609640
2.500000 4.900000 1.628284
2.500000 5.000000 1.646832
2.600000 0.100000 1.854065
2.600000 0.200000 1.732879
2.600000 0.300000 1.644536
2.600000 0.400000 1.573506
2.600000 0.500000 1.513945
2.600000 0.600000 1.462957
2.600000 0.700000 1.418886
2.600000 0.800000 1.380688
2.600000 0.900000 1.347643
2.600000 1.000000 1.319207
2.600000 1.100000 1.294925
2.600000 1.200000 1.274394
2.600000 1.300000 1.257237
2.600000 1.400000 1.243105
2.600000 1.500000 1.231680
2.600000 1.600000 1.222680
2.600000 1.700000 1.215869
2.600000 1.800000 1.211057
2.600000 1.900000 1.208099
2.600000 2.000000 1.206893
2.600000 2.100000 1.207377
2.600000 2.200000 1.209514
2.600000 2.300000 1.213287
2.600000 2.400000 1.218686
2.600000 2.500000 1.225694
2.600000 2.600000 1.234275
2.600000 2.700000 1.244367
2.600000 2.800000 1.255876
2.600000 2.900000 1.268684
2.600000 3.000000 1.282650
2.600000 3.100000 1.297626
2.600000 3.200000 1.313463
2.600000 3.300000 1.330019
2.600000 3.400000 1.347164
2.600000 3.500000 1.364784
2.600000 3.600000 1.382778
2.600000 3.700000 1.401063
2.600000 3.800000 1.419566
2.600000 3.900000 1.438229
2.600000 4.000000 1.457002
2.600000 4.100000 1.475844
2.600000 4.200000 1.494722
2.600000 4.300000 1.513607
2.600000 4.400000 1.532477
2.600000 4.500000 1.551313
2.600000 4.600000 1.570100
2.600000 4.700000 1.588825
2.600000 4.800000 1.607478
2.600000 4.900000 1.626051
2.600000 5.000000 1.644538
2.700000 0.100000 1.876546
2.700000 0.200000 1.755411
2.700000 0.300000 1.667059
2.700000 0.400000 1.595987
2.700000 0.500000 1.536358
2.700000 0.600000 1.485279
2.700000 0.700000 1.441097
2.700000 0.800000 1.402765
2.700000 0.900000 1.369563
2.700000 1.000000 1.340942
2.700000 1.100000 1.316448
2.700000 1.200000 1.295669
2.700000 1.300000 1.278226
2.700000 1.400000 1.263764
2.700000 1.500000 1.251955
2.700000 1.600000 1.242512
2.700000 1.700000 1.235188
2.700000 1.800000 1.229782
2.700000 1.900000 1.226140
2.700000 2.000000 1.224150
2.700000 2.100000 1.223740
2.700000 2.200000 1.224871
2.700000 2.300000 1.227528
2.700000 2.400000 1.231713
2.700000 2.500000 1.237429
2.700000 2.600000 1.244673
2.700000 2.700000 1.253418
2.700000 2.800000 1.263613
2.700000 2.900000 1.275174
2.700000 3.000000 1.287987
2.700000 3.100000 1.301923
2.700000 3.200000 1.316837
2.700000 3.300000 1.332586
2.700000 3.400000 1.349035
2.700000 3.500000 1.366056
2.700000 3.600000 1.383539
2.700000 3.700000 1.401387
2.700000 3.800000 1.419519
2.700000 3.900000 1.437864
2.700000 4.000000 1.456365
2.700000 4.100000 1.474973
2.700000 4.200000 1.493650
2.700000 4.300000 1.512361
2.700000 4.400000 1.531080
2.700000 4.500000 1.549785
2.700000 4.600000 1.568457
2.700000 4.700000 1.587082
2.700000 4.800000 1.605647
2.700000 4.900000 1.624142
2.700000 5.000000 1.642559
2.800000 0.100000 1.898937
2.800000 0.200000 1.777850
2.800000 0.300000 1.689492
2.800000 0.400000 1.618384
2.800000 0.500000 1.558697
2.800000 0.600000 1.507540
2.800000 0.700000 1.463261
2.800000 0.800000 1.424814
2.800000 0.900000 1.391476
2.800000 1.000000 1.362698
2.800000 1.100000 1.338020
2.800000 1.200000 1.317030
2.800000 1.300000 1.299343
2.800000 1.400000 1.284599
2.800000 1.500000 1.272464
2.800000 1.600000 1.262645
2.800000 1.700000 1.254885
2.800000 1.800000 1.248975
2.800000 1.900000 1.244750
2.800000 2.000000 1.242088
2.800000 2.100000 1.240908
2.800000 2.200000 1.241162
2.800000 2.300000 1.242831
2.800000 2.400000 1.245920
2.800000 2.500000 1.250444
2.800000 2.600000 1.256418
2.800000 2.700000 1.263850
2.800000 2.800000 1.272722
2.800000 2.900000 1.282990
2.800000 3.000000 1.294577
2.800000 3.100000 1.307378
2.800000 3.200000 1.321268
2.800000 3.300000 1.336109
2.800000 3.400000 1.351763
2.800000 3.500000 1.368098
2.800000 3.600000 1.384992
2.800000 3.700000 1.402336
2.800000 3.800000 1.420038
2.800000 3.900000 1.438016
2.800000 4.000000 1.456203
2.800000 4.100000 1.474543
2.800000 4.200000 1.492989
2.800000 4.300000 1.511502
2.800000 4.400000 1.530050
2.800000 4.500000 1.548606
2.800000 4.600000 1.567148
2.800000 4.700000 1.585659
2.800000 4.800000 1.604125
2.800000 4.900000 1.622532
2.800000 5.000000 1.640871
2.900000 0.100000 1.921217
2.900000 0.200000 1.800176
2.900000 0.300000 1.711815
2.900000 0.400000 1.640676
2.900000 0.500000 1.580939
2.900000 0.600000 1.529716
2.900000 0.700000 1.485354
2.900000 0.800000 1.446807
2.900000 0.900000 1.413352
2.900000 1.000000 1.384437
2.900000 1.100000 1.359601
2.900000 1.200000 1.338430
2.900000 1.300000 1.320533
2.900000 1.400000 1.305548
2.900000 1.500000 1.293136
2.900000 1.600000 1.282995
2.900000 1.700000 1.274865
2.900000 1.800000 1.268527
2.900000 1.900000 1.263807
2.900000 2.000000 1.260573
2.900000 2.100000 1.258733
2.900000 2.200000 1.258230
2.900000 2.300000 1.259038
2.900000 2.400000 1.261156
2.900000 2.500000 1.264603
2.900000 2.600000 1.269405
2.900000 2.700000 1.275590
2.900000 2.800000 1.283169
2.900000 2.900000 1.292136
2.900000 3.000000 1.302452
2.900000 3.100000 1.314047
2.900000 3.200000 1.326820
2.900000 3.300000 1.340653
2.900000 3.400000 1.355412
2.900000 3.500000 1.370965
2.900000 3.600000 1.387182
2.900000 3.700000 1.403946
2.900000 3.800000 1.421151
2.900000 3.900000 1.438705
2.900000 4.000000 1.456530
2.900000 4.100000 1.474561
2.900000 4.200000 1.492741
2.900000 4.300000 1.511027
2.900000 4.400000 1.529378
2.900000 4.500000 1.547765
2.900000 4.600000 1.566160
2.900000 4.700000 1.584543
2.900000 4.800000 1.602896
2.900000 4.900000 1.621205
2.900000 5.000000 1.639458
3.000000 0.100000 1.943372
3.000000 0.200000 1.822374
3.000000 0.300000 1.734012
3.000000 0.400000 1.662848
3.000000 0.500000 1.603068
3.000000 0.600000 1.551787
3.000000 0.700000 1.507352
3.000000 0.800000 1.468719
3.000000 0.900000 1.435162
3.000000 1.000000 1.406129
3.000000 1.100000 1.381157
3.000000 1.200000 1.359829
3.000000 1.300000 1.341752
3.000000 1.400000 1.326560
3.000000 1.500000 1.313910
3.000000 1.600000 1.303496
3.000000 1.700000 1.295050
3.000000 1.800000 1.288348
3.000000 1.900000 1.283207
3.000000 2.000000 1.279486
3.000000 2.100000 1.277084
3.000000 2.200000 1.275932
3.000000 2.300000 1.275996
3.000000 2.400000 1.277268
3.000000 2.500000 1.279761
3.000000 2.600000 1.283505
3.000000 2.700000 1.288537
3.000000 2.800000 1.294890
3.000000 2.900000 1.302586
3.000000 3.000000 1.311621
3.000000 3.100000 1.321965
3.000000 3.200000 1.333550
3.000000 3.300000 1.346284
3.000000 3.400000 1.360050
3.000000 3.500000 1.374721
3.000000 3.600000 1.390168
3.000000 3.700000 1.406265
3.000000 3.800000 1.422896
3.000000 3.900000 1.439960
3.000000 4.000000 1.457367
3.000000 4.100000 1.475040
3.000000 4.200000 1.492916
3.000000 4.300000 1.510940
3.000000 4.400000 1.529066
3.000000 4.500000 1.547259
3.000000 4.600000 1.565487
3.000000 4.700000 1.583724
3.000000 4.800000 1.601951
3.000000 4.900000 1.620149
3.000000 5.000000 1.638304
3.100000 0.100000 1.965390
3.100000 0.200000 1.844433
3.100000 0.300000 1.756072
3.100000 0.400000 1.684887
3.100000 0.500000 1.625070
3.100000 0.600000 1.573738
3.100000 0.700000 1.529240
3.100000 0.800000 1.490531
3.100000 0.900000 1.456885
3.100000 1.000000 1.427750
3.100000 1.100000 1.402660
3.100000 1.200000 1.381196
3.100000 1.300000 1.362964
3.100000 1.400000 1.347594
3.100000 1.500000 1.334740
3.100000 1.600000 1.324091
3.100000 1.700000 1.315376
3.100000 1.800000 1.308363
3.100000 1.900000 1.302864
3.100000 2.000000 1.298729
3.100000 2.100000 1.295848
3.100000 2.200000 1.294143
3.100000 2.300000 1.293570
3.100000 2.400000 1.294111
3.100000 2.500000 1.295771
3.100000 2.600000 1.298577
3.100000 2.700000 1.302567
3.100000 2.800000 1.307787
3.100000 2.900000 1.314275
3.100000 3.000000 1.322060
3.100000 3.100000 1.331143
3.100000 3.200000 1.341497
3.100000 3.300000 1.353060
3.100000 3.400000 1.365744
3.100000 3.500000 1.379436
3.100000 3.600000 1.394014
3.100000 3.700000 1.409351
3.100000 3.800000 1.425325
3.100000 3.900000 1.441824
3.100000 4.000000 1.458748
3.100000 4.100000 1.476008
3.100000 4.200000 1.493531
3.100000 4.300000 1.511253
3.100000 4.400000 1.529121
3.100000 4.500000 1.547092
3.100000 4.600000 1.565128
3.100000 4.700000 1.583200
3.100000 4.800000 1.601283
3.100000 4.900000 1.619356
3.100000 5.000000 1.637401
3.200000 0.100000 1.987261
3.200000 0.200000 1.866343
3.200000 0.300000 1.777984
3.200000 0.400000 1.706782
3.200000 0.500000 1.646933
3.200000 0.600000 1.595557
3.200000 0.700000 1.551004
3.200000 0.800000 1.512229
3.200000 0.900000 1.478506
3.200000 1.000000 1.449281
3.200000 1.100000 1.424088
3.200000 1.200000 1.402506
3.200000 1.300000 1.384139
3.200000 1.400000 1.368615
3.200000 1.500000 1.355585
3.200000 1.600000 1.344735
3.200000 1.700000 1.335789
3.200000 1.800000 1.328511
3.200000 1.900000 1.322706
3.200000 2.000000 1.318218
3.200000 2.100000 1.314930
3.200000 2.200000 1.312754
3.200000 2.300000 1.311637
3.200000 2.400000 1.311551
3.200000 2.500000 1.312492
3.200000 2.600000 1.314479
3.200000 2.700000 1.317546
3.200000 2.800000 1.321741
3.200000 2.900000 1.327114
3.200000 3.000000 1.333710
3.200000 3.100000 1.341561
3.200000 3.200000 1.350674
3.200000 3.300000 1.361024
3.200000 3.400000 1.372554
3.200000 3.500000 1.385180
3.200000 3.600000 1.398793
3.200000 3.700000 1.413273
3.200000 3.800000 1.428498
3.200000 3.900000 1.444349
3.200000 4.000000 1.460715
3.200000 4.100000 1.477498
3.200000 4.200000 1.494613
3.200000 4.300000 1.511987
3.200000 4.400000 1.529557
3.200000 4.500000 1.547273
3.200000 4.600000 1.565090
3.200000 4.700000 1.582973
3.200000 4.800000 1.600891
3.200000 4.900000 1.618822
3.200000 5.000000 1.636744
3.300000 0.100000 2.008980
3.300000 0.200000 1.888098
3.300000 0.300000 1.799743
3.300000 0.400000 1.728526
3.300000 0.500000 1.668649
3.300000 0.600000 1.617235
3.300000 0.700000 1.572634
3.300000 0.800000 1.533801
3.300000 0.900000 1.500010
3.300000 1.000000 1.470706
3.300000 1.100000 1.445423
3.300000 1.200000 1.423738
3.300000 1.300000 1.405254
3.300000 1.400000 1.389597
3.300000 1.500000 1.376415
3.300000 1.600000 1.365391
3.300000 1.700000 1.356246
3.300000 1.800000 1.348740
3.300000 1.900000 1.342674
3.300000 2.000000 1.337885
3.300000 2.100000 1.334250
3.300000 2.200000 1.331673
3.300000 2.300000 1.330093
3.300000 2.400000 1.329471
3.300000 2.500000 1.329795
3.300000 2.600000 1.331074
3.300000 2.700000 1.333336
3.300000 2.800000 1.336622
3.300000 2.900000 1.340986
3.300000 3.000000 1.346483
3.300000 3.100000 1.353164
3.300000 3.200000 1.361064
3.300000 3.300000 1.370191
3.300000 3.400000 1.380526
3.300000 3.500000 1.392015
3.300000 3.600000 1.404576
3.300000 3.700000 1.418105
3.300000 3.800000 1.432485
3.300000 3.900000 1.447596
3.300000 4.000000 1.463322
3.300000 4.100000 1.479555
3.300000 4.200000 1.496199
3.300000 4.300000 1.513170
3.300000 4.400000 1.530396
3.300000 4.500000 1.547818
3.300000 4.600000 1.565382
3.300000 4.700000 1.583048
3.300000 4.800000 1.600780
3.300000 4.900000 1.618549
3.300000 5.000000 1.636330
3.400000 0.100000 2.030540
3.400000 0.200000 1.909693
3.400000 0.300000 1.821342
3.400000 0.400000 1.750113
3.400000 0.500000 1.690212
3.400000 0.600000 1.638764
3.400000 0.700000 1.594121
3.400000 0.800000 1.555237
3.400000 0.900000 1.521386
3.400000 1.000000 1.492013
3.400000 1.100000 1.466651
3.400000 1.200000 1.444876
3.400000 1.300000 1.426290
3.400000 1.400000 1.410516
3.400000 1.500000 1.397202
3.400000 1.600000 1.386028
3.400000 1.700000 1.376712
3.400000 1.800000 1.369010
3.400000 1.900000 1.362719
3.400000 2.000000 1.357673
3.400000 2.100000 1.353741
3.400000 2.200000 1.350823
3.400000 2.300000 1.348848
3.400000 2.400000 1.347770
3.400000 2.500000 1.347567
3.400000 2.600000 1.348239
3.400000 2.700000 1.349803
3.400000 2.800000 1.352295
3.400000 2.900000 1.355765
3.400000 3.000000 1.360269
3.400000 3.100000 1.365867
3.400000 3.200000 1.372613
3.400000 3.300000 1.380545
3.400000 3.400000 1.389674
3.400000 3.500000 1.399985
3.400000 3.600000 1.411425
3.400000 3.700000 1.423916
3.400000 3.800000 1.437358
3.400000 3.900000 1.451635
3.400000 4.000000 1.466632
3.400000 4.100000 1.482233
3.400000 4.200000 1.498334
3.400000 4.300000 1.514840
3.400000 4.400000 1.531669
3.400000 4.500000 1.548750
3.400000 4.600000 1.566024
3.400000 4.700000 1.583441
3.400000 4.800000 1.600958
3.400000 4.900000 1.618542
3.400000 5.000000 1.636163
3.500000 0.100000 2.051938
3.500000 0.200000 1.931124
3.500000 0.300000 1.842778
3.500000 0.400000 1.771538
3.500000 0.500000 1.711617
3.500000 0.600000 1.660139
3.500000 0.700000 1.615459
3.500000 0.800000 1.576530
3.500000 0.900000 1.542626
3.500000 1.000000 1.513193
3.500000 1.100000 1.487761
3.500000 1.200000 1.465907
3.500000 1.300000 1.447232
3.500000 1.400000 1.431356
3.500000 1.500000 1.417926
3.500000 1.600000 1.406622
3.500000 1.700000 1.397157
3.500000 1.800000 1.389286
3.500000 1.900000 1.382802
3.500000 2.000000 1.377534
3.500000 2.100000 1.373349
3.500000 2.200000 1.370139
3.500000 2.300000 1.367827
3.500000 2.400000 1.366360
3.500000 2.500000 1.365708
3.500000 2.600000 1.365861
3.500000 2.700000 1.366827
3.500000 2.800000 1.368633
3.500000 2.900000 1.371320
3.500000 3.000000 1.374943
3.500000 3.100000 1.379562
3.500000 3.200000 1.385242
3.500000 3.300000 1.392036
3.500000 3.400000 1.399987
3.500000 3.500000 1.409109
3.500000 3.600000 1.419387
3.500000 3.700000 1.430773
3.500000 3.800000 1.443191
3.500000 3.900000 1.456542
3.500000 4.000000 1.470715
3.500000 4.100000 1.485596
3.500000 4.200000 1.501073
3.500000 4.300000 1.517043
3.500000 4.400000 1.533412
3.500000 4.500000 1.550101
3.500000 4.600000 1.567039
3.500000 4.700000 1.584168
3.500000 4.800000 1.601439
3.500000 4.900000 1.618811
3.500000 5.000000 1.636249
3.600000 0.100000 2.073171
3.600000 0.200000 1.952388
3.600000 0.300000 1.864047
3.600000 0.400000 1.792799
3.600000 0.500000 1.732860
3.600000 0.600000 1.681357
3.600000 0.700000 1.636643
3.600000 0.800000 1.597674
3.600000 0.900000 1.563725
3.600000 1.000000 1.534237
3.600000 1.100000 1.508744
3.600000 1.200000 1.486821
3.600000 1.300000 1.468066
3.600000 1.400000 1.452101
3.600000 1.500000 1.438571
3.600000 1.600000 1.427152
3.600000 1.700000 1.417558
3.600000 1.800000 1.409540
3.600000 1.900000 1.402889
3.600000 2.000000 1.397431
3.600000 2.100000 1.393027
3.600000 2.200000 1.389567
3.600000 2.300000 1.386968
3.600000 2.400000 1.385169
3.600000 2.500000 1.384134
3.600000 2.600000 1.383844
3.600000 2.700000 1.384299
3.600000 2.800000 1.385516
3.600000 2.900000 1.387527
3.600000 3.000000 1.390379
3.600000 3.100000 1.394129
3.600000 3.200000 1.398844
3.600000 3.300000 1.404587
3.600000 3.400000 1.411417
3.600000 3.500000 1.419376
3.600000 3.600000 1.428482
3.600000 3.700000 1.438721
3.600000 3.800000 1.450048
3.600000 3.900000 1.462389
3.600000 4.000000 1.475648
3.600000 4.100000 1.489717
3.600000 4.200000 1.504482
3.600000 4.300000 1.519836
3.600000 4.400000 1.535675
3.600000 4.500000 1.551909
3.600000 4.600000 1.568459
3.600000 4.700000 1.585257
3.600000 4.800000 1.602243
3.600000 4.900000 1.619371
3.600000 5.000000 1.636600
3.700000 0.100000 2.094238
3.700000 0.200000 1.973484
3.700000 0.300000 1.885149
3.700000 0.400000 1.813894
3.700000 0.500000 1.753939
3.700000 0.600000 1.702413
3.700000 0.700000 1.657670
3.700000 0.800000 1.618667
3.700000 0.900000 1.584675
3.700000 1.000000 1.555141
3.700000 1.100000 1.529593
3.700000 1.200000 1.507608
3.700000 1.300000 1.488784
3.700000 1.400000 1.472740
3.700000 1.500000 1.459121
3.700000 1.600000 1.447603
3.700000 1.700000 1.437896
3.700000 1.800000 1.429750
3.700000 1.900000 1.422954
3.700000 2.000000 1.417331
3.700000 2.100000 1.412740
3.700000 2.200000 1.409065
3.700000 2.300000 1.406219
3.700000 2.400000 1.404137
3.700000 2.500000 1.402775
3.700000 2.600000 1.402107
3.700000 2.700000 1.402126
3.700000 2.800000 1.402839
3.700000 2.900000 1.404269
3.700000 3.000000 1.406454
3.700000 3.100000 1.409445
3.700000 3.200000 1.413302
3.700000 3.300000 1.418094
3.700000 3.400000 1.423887
3.700000 3.500000 1.430740
3.700000 3.600000 1.438699
3.700000 3.700000 1.447781
3.700000 3.800000 1.457976
3.700000 3.900000 1.469241
3.700000 4.000000 1.481503
3.700000 4.100000 1.494668
3.700000 4.200000 1.508632
3.700000 4.300000 1.523283
3.700000 4.400000 1.538513
3.700000 4.500000 1.554224
3.700000 4.600000 1.570325
3.700000 4.700000 1.586738
3.700000 4.800000 1.603397
3.700000 4.900000 1.620244
3.700000 5.000000 1.637231
3.800000 0.100000 2.115137
3.800000 0.200000 1.994411
3.800000 0.300000 1.906082
3.800000 0.400000 1.834822
3.800000 0.500000 1.774853
3.800000 0.600000 1.723307
3.800000 0.700000 1.678539
3.800000 0.800000 1.639503
3.800000 0.900000 1.605475
3.800000 1.000000 1.575898
3.800000 1.100000 1.550303
3.800000 1.200000 1.528263
3.800000 1.300000 1.509377
3.800000 1.400000 1.493264
3.800000 1.500000 1.479567
3.800000 1.600000 1.467961
3.800000 1.700000 1.458155
3.800000 1.800000 1.449897
3.800000 1.900000 1.442975
3.800000 2.000000 1.437210
3.800000 2.100000 1.432455
3.800000 2.200000 1.428595
3.800000 2.300000 1.425537
3.800000 2.400000 1.423212
3.800000 2.500000 1.421570
3.800000 2.600000 1.420581
3.800000 2.700000 1.420227
3.800000 2.800000 1.420510
3.800000 2.900000 1.421443
3.800000 3.000000 1.423055
3.800000 3.100000 1.425389
3.800000 3.200000 1.428497
3.800000 3.300000 1.432444
3.800000 3.400000 1.437298
3.800000 3.500000 1.443128
3.800000 3.600000 1.449996
3.800000 3.700000 1.457946
3.800000 3.800000 1.466999
3.800000 3.900000 1.477146
3.800000 4.000000 1.488345
3.800000 4.100000 1.500526
3.800000 4.200000 1.513597
3.800000 4.300000 1.527456
3.800000 4.400000 1.541992
3.800000 4.500000 1.557101
3.800000 4.600000 1.572684
3.800000 4.700000 1.588654
3.800000 4.800000 1.604933
3.800000 4.900000 1.621456
3.800000 5.000000 1.638165
3.900000 0.100000 2.135868
3.900000 0.200000 2.015170
3.900000 0.300000 1.926847
3.900000 0.400000 1.855582
3.900000 0.500000 1.795602
3.900000 0.600000 1.744038
3.900000 0.700000 1.699246
3.900000 0.800000 1.660183
3.900000 0.900000 1.626122
3.900000 1.000000 1.596507
3.900000 1.100000 1.570869
3.900000 1.200000 1.548780
3.900000 1.300000 1.529840
3.900000 1.400000 1.513665
3.900000 1.500000 1.499900
3.900000 1.600000 1.488216
3.900000 1.700000 1.478323
3.900000 1.800000 1.469968
3.900000 1.900000 1.462935
3.900000 2.000000 1.457045
3.900000 2.100000 1.452149
3.900000 2.200000 1.448128
3.900000 2.300000 1.444887
3.900000 2.400000 1.442353
3.900000 2.500000 1.440472
3.900000 2.600000 1.439206
3.900000 2.700000 1.438535
3.900000 2.800000 1.438450
3.900000 2.900000 1.438959
3.900000 3.000000 1.440082
3.900000 3.100000 1.441850
3.900000 3.200000 1.444310
3.900000 3.300000 1.447517
3.900000 3.400000 1.451538
3.900000 3.500000 1.456442
3.900000 3.600000 1.462299
3.900000 3.700000 1.469173
3.900000 3.800000 1.477109
3.900000 3.900000 1.486128
3.900000 4.000000 1.496223
3.900000 4.100000 1.507354
3.900000 4.200000 1.519453
3.900000 4.300000 1.532430
3.900000 4.400000 1.546183
3.900000 4.500000 1.560606
3.900000 4.600000 1.575595
3.900000 4.700000 1.591053
3.900000 4.800000 1.606893
3.900000 4.900000 1.623040
3.900000 5.000000 1.639429
4.000000 0.100000 2.156433
4.000000 0.200000 2.035759
4.000000 0.300000 1.947443
4.000000 0.400000 1.876175
4.000000 0.500000 1.816184
4.000000 0.600000 1.764605
4.000000 0.700000 1.719792
4.000000 0.800000 1.680704
4.000000 0.900000 1.646614
4.000000 1.000000 1.616966
4.000000 1.100000 1.591289
4.000000 1.200000 1.569157
4.000000 1.300000 1.550168
4.000000 1.400000 1.533939
4.000000 1.500000 1.520112
4.000000 1.600000 1.508359
4.000000 1.700000 1.498389
4.000000 1.800000 1.489948
4.000000 1.900000 1.482819
4.000000 2.000000 1.476819
4.000000 2.100000 1.471800
4.000000 2.200000 1.467640
4.000000 2.300000 1.464240
4.000000 2.400000 1.461526
4.000000 2.500000 1.459438
4.000000 2.600000 1.457936
4.000000 2.700000 1.456993
4.000000 2.800000 1.456595
4.000000 2.900000 1.456742
4.000000 3.000000 1.457446
4.000000 3.100000 1.458731
4.000000 3.200000 1.460633
4.000000 3.300000 1.463200
4.000000 3.400000 1.466491
4.000000 3.500000 1.470572
4.000000 3.600000 1.475516
4.000000 3.700000 1.481392
4.000000 3.800000 1.488265
4.000000 3.900000 1.496181
4.000000 4.000000 1.505162
4.000000 4.100000 1.515203
4.000000 4.200000 1.526264
4.000000 4.300000 1.538280
4.000000 4.400000 1.551162
4.000000 4.500000 1.564811
4.000000 4.600000 1.579122
4.000000 4.700000 1.593992
4.000000 4.800000 1.609326
4.000000 4.900000 1.625039
4.000000 5.000000 1.641056
4.100000 0.100000 2.176831
4.100000 0.200000 2.056181
4.100000 0.300000 1.967872
4.100000 0.400000 1.896601
4.100000 0.500000 1.836601
4.100000 0.600000 1.785008
4.100000 0.700000 1.740177
4.100000 0.800000 1.701067
4.100000 0.900000 1.666951
4.100000 1.000000 1.637272
4.100000 1.100000 1.611561
4.100000 1.200000 1.589390
4.100000 1.300000 1.570357
4.100000 1.400000 1.554079
4.100000 1.500000 1.540198
4.100000 1.600000 1.528385
4.100000 1.700000 1.518347
4.100000 1.800000 1.509830
4.100000 1.900000 1.502615
4.100000 2.000000 1.496520
4.100000 2.100000 1.491393
4.100000 2.200000 1.487111
4.100000 2.300000 1.483574
4.100000 2.400000 1.480703
4.100000 2.500000 1.478437
4.100000 2.600000 1.476731
4.100000 2.700000 1.475554
4.100000 2.800000 1.474888
4.100000 2.900000 1.474726
4.100000 3.000000 1.475072
4.100000 3.100000 1.475944
4.100000 3.200000 1.477369
4.100000 3.300000 1.479386
4.100000 3.400000 1.482045
4.100000 3.500000 1.485406
4.100000 3.600000 1.489537
4.100000 3.700000 1.494511
4.100000 3.800000 1.500398
4.100000 3.900000 1.507264
4.100000 4.000000 1.515156
4.100000 4.100000 1.524097
4.100000 4.200000 1.534081
4.100000 4.300000 1.545071
4.100000 4.400000 1.557003
4.100000 4.500000 1.569791
4.100000 4.600000 1.583336
4.100000 4.700000 1.597536
4.100000 4.800000 1.612288
4.100000 4.900000 1.627501
4.100000 5.000000 1.643089
4.200000 0.100000 2.197063
4.200000 0.200000 2.076437
4.200000 0.300000 1.988134
4.200000 0.400000 1.916862
4.200000 0.500000 1.856854
4.200000 0.600000 1.805248
4.200000 0.700000 1.760401
4.200000 0.800000 1.721271
4.200000 0.900000 1.687131
4.200000 1.000000 1.657425
4.200000 1.100000 1.631683
4.200000 1.200000 1.609478
4.200000 1.300000 1.590406
4.200000 1.400000 1.574085
4.200000 1.500000 1.560155
4.200000 1.600000 1.548287
4.200000 1.700000 1.538189
4.200000 1.800000 1.529604
4.200000 1.900000 1.522314
4.200000 2.000000 1.516135
4.200000 2.100000 1.510913
4.200000 2.200000 1.506525
4.200000 2.300000 1.502867
4.200000 2.400000 1.499860
4.200000 2.500000 1.497440
4.200000 2.600000 1.495558
4.200000 2.700000 1.494180
4.200000 2.800000 1.493283
4.200000 2.900000 1.492856
4.200000 3.000000 1.492897
4.200000 3.100000 1.493417
4.200000 3.200000 1.494434
4.200000 3.300000 1.495980
4.200000 3.400000 1.498096
4.200000 3.500000 1.500833
4.200000 3.600000 1.504253
4.200000 3.700000 1.508424
4.200000 3.800000 1.513420
4.200000 3.900000 1.519313
4.200000 4.000000 1.526167
4.200000 4.100000 1.534030
4.200000 4.200000 1.542927
4.200000 4.300000 1.552853
4.200000 4.400000 1.563772
4.200000 4.500000 1.575620
4.200000 4.600000 1.588314
4.200000 4.700000 1.601757
4.200000 4.800000 1.615846
4.200000 4.900000 1.630483
4.200000 5.000000 1.645576
4.300000 0.100000 2.217132
4.300000 0.200000 2.096528
4.300000 0.300000 2.008232
4.300000 0.400000 1.936958
4.300000 0.500000 1.876943
4.300000 0.600000 1.825326
4.300000 0.700000 1.780465
4.300000 0.800000 1.741317
4.300000 0.900000 1.707156
4.300000 1.000000 1.677425
4.300000 1.100000 1.651656
4.300000 1.200000 1.629419
4.300000 1.300000 1.610312
4.300000 1.400000 1.593952
4.300000 1.500000 1.579978
4.300000 1.600000 1.568063
4.300000 1.700000 1.557911
4.300000 1.800000 1.549266
4.300000 1.900000 1.541909
4.300000 2.000000 1.535655
4.300000 2.100000 1.530350
4.300000 2.200000 1.525868
4.300000 2.300000 1.522105
4.300000 2.400000 1.518979
4.300000 2.500000 1.516425
4.300000 2.600000 1.514390
4.300000 2.700000 1.512839
4.300000 2.800000 1.511743
4.300000 2.900000 1.511088
4.300000 3.000000 1.510868
4.300000 3.100000 1.511086
4.300000 3.200000 1.511755
4.300000 3.300000 1.512898
4.300000 3.400000 1.514549
4.300000 3.500000 1.516749
4.300000 3.600000 1.519553
4.300000 3.700000 1.523022
4.300000 3.800000 1.527225
4.300000 3.900000 1.532237
4.300000 4.000000 1.538130
4.300000 4.100000 1.544968
4.300000 4.200000 1.552800
4.300000 4.300000 1.561651
4.300000 4.400000 1.571517
4.300000 4.500000 1.582364
4.300000 4.600000 1.594129
4.300000 4.700000 1.606729
4.300000 4.800000 1.620070
4.300000 4.900000 1.634051
4.300000 5.000000 1.648574
4.400000 0.100000 2.237039
4.400000 0.200000 2.116456
4.400000 0.300000 2.028166
4.400000 0.400000 1.956891
4.400000 0.500000 1.896871
4.400000 0.600000 1.845244
4.400000 0.700000 1.800370
4.400000 0.800000 1.761205
4.400000 0.900000 1.727025
4.400000 1.000000 1.697273
4.400000 1.100000 1.671478
4.400000 1.200000 1.649213
4.400000 1.300000 1.630075
4.400000 1.400000 1.613680
4.400000 1.500000 1.599667
4.400000 1.600000 1.587708
4.400000 1.700000 1.577508
4.400000 1.800000 1.568810
4.400000 1.900000 1.561394
4.400000 2.000000 1.555074
4.400000 2.100000 1.549695
4.400000 2.200000 1.545130
4.400000 2.300000 1.541275
4.400000 2.400000 1.538045
4.400000 2.500000 1.535373
4.400000 2.600000 1.533206
4.400000 2.700000 1.531503
4.400000 2.800000 1.530236
4.400000 2.900000 1.529385
4.400000 3.000000 1.528940
4.400000 3.100000 1.528899
4.400000 3.200000 1.529271
4.400000 3.300000 1.530070
4.400000 3.400000 1.531323
4.400000 3.500000 1.533064
4.400000 3.600000 1.535338
4.400000 3.700000 1.538198
4.400000 3.800000 1.541707
4.400000 3.900000 1.545935
4.400000 4.000000 1.550957
4.400000 4.100000 1.556845
4.400000 4.200000 1.563664
4.400000 4.300000 1.571463
4.400000 4.400000 1.580266
4.400000 4.500000 1.590072
4.400000 4.600000 1.600846
4.400000 4.700000 1.612527
4.400000 4.800000 1.625035
4.400000 4.900000 1.638275
4.400000 5.000000 1.652149
4.500000 0.100000 2.256786
4.500000 0.200000 2.136223
4.500000 0.300000 2.047940
4.500000 0.400000 1.976664
4.500000 0.500000 1.916639
4.500000 0.600000 1.865003
4.500000 0.700000 1.820117
4.500000 0.800000 1.780938
4.500000 0.900000 1.746741
4.500000 1.000000 1.716968
4.500000 1.100000 1.691151
4.500000 1.200000 1.668861
4.500000 1.300000 1.649694
4.500000 1.400000 1.633267
4.500000 1.500000 1.619220
4.500000 1.600000 1.607222
4.500000 1.700000 1.596979
4.500000 1.800000 1.588233
4.500000 1.900000 1.580764
4.500000 2.000000 1.574385
4.500000 2.100000 1.568940
4.500000 2.200000 1.564302
4.500000 2.300000 1.560365
4.500000 2.400000 1.557044
4.500000 2.500000 1.554269
4.500000 2.600000 1.551986
4.500000 2.700000 1.550152
4.500000 2.800000 1.548736
4.500000 2.900000 1.547716
4.500000 3.000000 1.547077
4.500000 3.100000 1.546814
4.500000 3.200000 1.546930
4.500000 3.300000 1.547436
4.500000 3.400000 1.548349
4.500000 3.500000 1.549697
4.500000 3.600000 1.551516
4.500000 3.700000 1.553852
4.500000 3.800000 1.556760
4.500000 3.900000 1.560302
4.500000 4.000000 1.564550
4.500000 4.100000 1.569577
4.500000 4.200000 1.575457
4.500000 4.300000 1.582253
4.500000 4.400000 1.590016
4.500000 4.500000 1.598771
4.500000 4.600000 1.608515
4.500000 4.700000 1.619216
4.500000 4.800000 1.630815
4.500000 4.900000 1.643231
4.500000 5.000000 1.656372
4.600000 0.100000 2.276375
4.600000 0.200000 2.155830
4.600000 0.300000 2.067554
4.600000 0.400000 1.996278
4.600000 0.500000 1.936248
4.600000 0.600000 1.884605
4.600000 0.700000 1.839709
4.600000 0.800000 1.800516
4.600000 0.900000 1.766303
4.600000 1.000000 1.736513
4.600000 1.100000 1.710675
4.600000 1.200000 1.688362
4.600000 1.300000 1.669170
4.600000 1.400000 1.652714
4.600000 1.500000 1.638635
4.600000 1.600000 1.626602
4.600000 1.700000 1.616321
4.600000 1.800000 1.607532
4.600000 1.900000 1.600015
4.600000 2.000000 1.593584
4.600000 2.100000 1.588081
4.600000 2.200000 1.583378
4.600000 2.300000 1.579369
4.600000 2.400000 1.575966
4.600000 2.500000 1.573101
4.600000 2.600000 1.570716
4.600000 2.700000 1.568768
4.600000 2.800000 1.567222
4.600000 2.900000 1.566054
4.600000 3.000000 1.565248
4.600000 3.100000 1.564794
4.600000 3.200000 1.564691
4.600000 3.300000 1.564944
4.600000 3.400000 1.565566
4.600000 3.500000 1.566578
4.600000 3.600000 1.568009
4.600000 3.700000 1.569897
4.600000 3.800000 1.572287
4.600000 3.900000 1.575235
4.600000 4.000000 1.578804
4.600000 4.100000 1.583066
4.600000 4.200000 1.588094
4.600000 4.300000 1.593962
4.600000 4.400000 1.600733
4.600000 4.500000 1.608459
4.600000 4.600000 1.617163
4.600000 4.700000 1.626846
4.600000 4.800000 1.637475
4.600000 4.900000 1.648991
4.600000 5.000000 1.661317
4.700000 0.100000 2.295808
4.700000 0.200000 2.175281
4.700000 0.300000 2.087011
4.700000 0.400000 2.015736
4.700000 0.500000 1.955702
4.700000 0.600000 1.904052
4.700000 0.700000 1.859146
4.700000 0.800000 1.819942
4.700000 0.900000 1.785715
4.700000 1.000000 1.755908
4.700000 1.100000 1.730052
4.700000 1.200000 1.707718
4.700000 1.300000 1.688502
4.700000 1.400000 1.672021
4.700000 1.500000 1.657913
4.700000 1.600000 1.645849
4.700000 1.700000 1.635532
4.700000 1.800000 1.626705
4.700000 1.900000 1.619146
4.700000 2.000000 1.612667
4.700000 2.100000 1.607112
4.700000 2.200000 1.602352
4.700000 2.300000 1.598278
4.700000 2.400000 1.594804
4.700000 2.500000 1.591859
4.700000 2.600000 1.589384
4.700000 2.700000 1.587335
4.700000 2.800000 1.585676
4.700000 2.900000 1.584380
4.700000 3.000000 1.583429
4.700000 3.100000 1.582809
4.700000 3.200000 1.582516
4.700000 3.300000 1.582553
4.700000 3.400000 1.582926
4.700000 3.500000 1.583651
4.700000 3.600000 1.584750
4.700000 3.700000 1.586253
4.700000 3.800000 1.588199
4.700000 3.900000 1.590635
4.700000 4.000000 1.593617
4.700000 4.100000 1.597208
4.700000 4.200000 1.601479
4.700000 4.300000 1.606505
4.700000 4.400000 1.612358
4.700000 4.500000 1.619103
4.700000 4.600000 1.626789
4.700000 4.700000 1.635443
4.700000 4.800000 1.645064
4.700000 4.900000 1.655620
4.700000 5.000000 1.667055
4.800000 0.100000 2.315086
4.800000 0.200000 2.194577
4.800000 0.300000 2.106313
4.800000 0.400000 2.035039
4.800000 0.500000 1.975002
4.800000 0.600000 1.923346
4.800000 0.700000 1.878431
4.800000 0.800000 1.839216
4.800000 0.900000 1.804976
4.800000 1.000000 1.775155
4.800000 1.100000 1.749281
4.800000 1.200000 1.726928
4.800000 1.300000 1.707692
4.800000 1.400000 1.691187
4.800000 1.500000 1.677054
4.800000 1.600000 1.664961
4.800000 1.700000 1.654612
4.800000 1.800000 1.645751
4.800000 1.900000 1.638153
4.800000 2.000000 1.631632
4.800000 2.100000 1.626031
4.800000 2.200000 1.621218
4.800000 2.300000 1.617088
4.800000 2.400000 1.613550
4.800000 2.500000 1.610534
4.800000 2.600000 1.607980
4.800000 2.700000 1.605843
4.800000 2.800000 1.604085
4.800000 2.900000 1.602677
4.800000 3.000000 1.601598
4.800000 3.100000 1.600834
4.800000 3.200000 1.600378
4.800000 3.300000 1.600227
4.800000 3.400000 1.600386
4.800000 3.500000 1.600864
4.800000 3.600000 1.601680
4.800000 3.700000 1.602855
4.800000 3.800000 1.604422
4.800000 3.900000 1.606419
4.800000 4.000000 1.608894
4.800000 4.100000 1.611904
4.800000 4.200000 1.615512
4.800000 4.300000 1.619789
4.800000 4.400000 1.624809
4.800000 4.500000 1.630644
4.800000 4.600000 1.637361
4.800000 4.700000 1.645007
4.800000 4.800000 1.653610
4.800000 4.900000 1.663169
4.800000 5.000000 1.673653
4.900000 0.100000 2.334214
4.900000 0.200000 2.213721
4.900000 0.300000 2.125464
4.900000 0.400000 2.054190
4.900000 0.500000 1.994150
4.900000 0.600000 1.942489
4.900000 0.700000 1.897566
4.900000 0.800000 1.858341
4.900000 0.900000 1.824090
4.900000 1.000000 1.794255
4.900000 1.100000 1.768366
4.900000 1.200000 1.745996
4.900000 1.300000 1.726740
4.900000 1.400000 1.710214
4.900000 1.500000 1.696057
4.900000 1.600000 1.683938
4.900000 1.700000 1.673562
4.900000 1.800000 1.664668
4.900000 1.900000 1.657036
4.900000 2.000000 1.650477
4.900000 2.100000 1.644834
4.900000 2.200000 1.639976
4.900000 2.300000 1.635794
4.900000 2.400000 1.632199
4.900000 2.500000 1.629120
4.900000 2.600000 1.626497
4.900000 2.700000 1.624281
4.900000 2.800000 1.622435
4.900000 2.900000 1.620928
4.900000 3.000000 1.619739
4.900000 3.100000 1.618850
4.900000 3.200000 1.618252
4.900000 3.300000 1.617939
4.900000 3.400000 1.617913
4.900000 3.500000 1.618179
4.900000 3.600000 1.618751
4.900000 3.700000 1.619645
4.900000 3.800000 1.620887
4.900000 3.900000 1.622509
4.900000 4.000000 1.624550
4.900000 4.100000 1.627059
4.900000 4.200000 1.630092
4.900000 4.300000 1.633713
4.900000 4.400000 1.637992
4.900000 4.500000 1.643004
4.900000 4.600000 1.648820
4.900000 4.700000 1.655506
4.900000 4.800000 1.663112
4.900000 4.900000 1.671663
4.900000 5.000000 1.681160
5.000000 0.100000 2.353192
5.000000 0.200000 2.232715
5.000000 0.300000 2.144464
5.000000 0.400000 2.073191
5.000000 0.500000 2.013149
5.000000 0.600000 1.961483
5.000000 0.700000 1.916553
5.000000 0.800000 1.877319
5.000000 0.900000 1.843057
5.000000 1.000000 1.813210
5.000000 1.100000 1.787307
5.000000 1.200000 1.764921
5.000000 1.300000 1.745648
5.000000 1.400000 1.729103
5.000000 1.500000 1.714924
5.000000 1.600000 1.702782
5.000000 1.700000 1.692379
5.000000 1.800000 1.683458
5.000000 1.900000 1.675795
5.000000 2.000000 1.669201
5.000000 2.100000 1.663520
5.000000 2.200000 1.658620
5.000000 2.300000 1.654393
5.000000 2.400000 1.650748
5.000000 2.500000 1.647612
5.000000 2.600000 1.644926
5.000000 2.700000 1.642641
5.000000 2.800000 1.640718
5.000000 2.900000 1.639125
5.000000 3.000000 1.637838
5.000000 3.100000 1.636839
5.000000 3.200000 1.636117
5.000000 3.300000 1.635664
5.000000 3.400000 1.635477
5.000000 3.500000 1.635561
5.000000 3.600000 1.635922
5.000000 3.700000 1.636576
5.000000 3.800000 1.637540
5.000000 3.900000 1.638841
5.000000 4.000000 1.640511
5.000000 4.100000 1.642591
5.000000 4.200000 1.645128
5.000000 4.300000 1.648179
5.000000 4.400000 1.651809
5.000000 4.500000 1.656088
5.000000 4.600000 1.661089
5.000000 4.700000 1.666885
5.000000 4.800000 1.673540
5.000000 4.900000 1.681104
5.000000 5.000000 1.689603
